6.302758455276489258e-01
3.821350634098052979e-01
3.383664488792419434e-01
3.183164000511169434e-01
2.996624112129211426e-01
2.892893850803375244e-01
2.829104661941528320e-01
2.836480736732482910e-01
2.758760750293731689e-01
2.695212364196777344e-01
2.686999738216400146e-01
2.631168961524963379e-01
2.583516836166381836e-01
2.556255161762237549e-01
2.522631585597991943e-01
2.507926821708679199e-01
2.461618781089782715e-01
2.472385764122009277e-01
2.444445639848709106e-01
2.396496534347534180e-01
2.402351051568984985e-01
2.392903715372085571e-01
2.363410294055938721e-01
2.354330867528915405e-01
2.320434600114822388e-01
2.309367358684539795e-01
2.290329784154891968e-01
2.275116145610809326e-01
2.250793576240539551e-01
2.258566319942474365e-01
