2.787976837158203125e+01
2.552238464355468750e+01
2.500866317749023438e+01
2.461484527587890625e+01
2.436157608032226562e+01
2.415131187438964844e+01
2.400956344604492188e+01
2.386997795104980469e+01
2.405590248107910156e+01
2.382236099243164062e+01
2.360525894165039062e+01
2.356217575073242188e+01
2.330839538574218750e+01
2.342041206359863281e+01
2.311378479003906250e+01
2.315924072265625000e+01
2.294372558593750000e+01
2.288349914550781250e+01
2.288292694091796875e+01
2.266553878784179688e+01
2.263645172119140625e+01
2.268684387207031250e+01
2.245122909545898438e+01
2.234231758117675781e+01
2.237297630310058594e+01
2.237459373474121094e+01
2.218627166748046875e+01
2.220191955566406250e+01
2.200155067443847656e+01
2.219046974182128906e+01
