1.052334785461425781e+00 1.093783493041992188e+02 6.549794077873229980e-01 4.334066510200500488e-01
8.580454587936401367e-01 1.006646728515625000e+02 3.475387394428253174e-01 2.192820906639099121e-01
7.804629802703857422e-01 9.877261352539062500e+01 2.979707121849060059e-01 1.836027204990386963e-01
7.286170125007629395e-01 9.726681518554687500e+01 2.763766050338745117e-01 1.875780820846557617e-01
7.006874680519104004e-01 9.634738922119140625e+01 2.420070171356201172e-01 1.562192887067794800e-01
6.789575815200805664e-01 9.554703521728515625e+01 2.318657934665679932e-01 1.473936885595321655e-01
6.631938815116882324e-01 9.500321960449218750e+01 2.288063317537307739e-01 1.430336385965347290e-01
6.588040590286254883e-01 9.441429901123046875e+01 2.524124681949615479e-01 1.543910354375839233e-01
6.456195116043090820e-01 9.521486663818359375e+01 2.253598868846893311e-01 1.377629637718200684e-01
6.296517848968505859e-01 9.430521392822265625e+01 2.223680317401885986e-01 1.322093009948730469e-01
6.301178336143493652e-01 9.341741943359375000e+01 2.348555624485015869e-01 1.386387646198272705e-01
6.151460409164428711e-01 9.327763366699218750e+01 2.189663350582122803e-01 1.369639039039611816e-01
6.064326167106628418e-01 9.227457427978515625e+01 2.133471369743347168e-01 1.392270326614379883e-01
6.060312390327453613e-01 9.275219726562500000e+01 1.990783661603927612e-01 1.243415623903274536e-01
5.954604744911193848e-01 9.152084350585937500e+01 2.118920832872390747e-01 1.269453018903732300e-01
5.933995842933654785e-01 9.171520996093750000e+01 2.010481953620910645e-01 1.273078918457031250e-01
5.826282501220703125e-01 9.086380767822265625e+01 2.009525746107101440e-01 1.275170892477035522e-01
5.795862078666687012e-01 9.060345458984375000e+01 2.078323662281036377e-01 1.431170552968978882e-01
5.869961380958557129e-01 9.062300872802734375e+01 1.982563138008117676e-01 1.234476566314697266e-01
5.751787424087524414e-01 8.976741027832031250e+01 2.003300786018371582e-01 1.192365512251853943e-01
5.689217448234558105e-01 8.963845062255859375e+01 2.116023451089859009e-01 1.268333643674850464e-01
5.639227628707885742e-01 8.984859466552734375e+01 2.046661525964736938e-01 1.301944404840469360e-01
5.715837478637695312e-01 8.891664886474609375e+01 1.980403065681457520e-01 1.186375319957733154e-01
5.638479590415954590e-01 8.846694946289062500e+01 2.097281366586685181e-01 1.287440955638885498e-01
5.585001111030578613e-01 8.862432098388671875e+01 1.922601759433746338e-01 1.168194413185119629e-01
5.530710816383361816e-01 8.863240051269531250e+01 1.946257054805755615e-01 1.182760894298553467e-01
5.565028190612792969e-01 8.787479400634765625e+01 1.955719441175460815e-01 1.182171404361724854e-01
5.528630614280700684e-01 8.796004486083984375e+01 1.814785748720169067e-01 1.132945045828819275e-01
5.485879182815551758e-01 8.714889526367187500e+01 1.939078122377395630e-01 1.148052662611007690e-01
5.462476015090942383e-01 8.791398620605468750e+01 1.851594448089599609e-01 1.164834126830101013e-01
